TN,TX,TAVG,RH_AVG,SS,FF_X,DDD_X,FF_AVG,Month,Day,DDD_CAR,Rain
23.1,30.1,25.9,84,4.9,3,120,1,8,13,E,1
22.0,31.7,26.9,81,4.2,4,160,2,3,20,NW,1
22.6,33.1,27.8,75,4.4,5,210,2,10,23,SW,1
22.8,30.3,25.9,94,2.0,6,280,1,1,18,C,1
23.0,31.8,26.2,90,2.8,4,340,2,1,25,NW,1
24.0,32.7,27.3,77,3.0,5,80,1,9,8,C,0
24.8,33.2,28.1,74,8.0,3,230,2,11,23,SW,1
21.8,34.4,27.2,69,8.0,4,140,2,8,27,SE,0
22.0,31.0,26.7,87,5.2,3,110,1,6,27,E,0
25.3,33.2,28.4,79,8.0,4,340,1,3,24,C,0
23.7,32.5,27.8,88,0.0,4,140,1,4,22,SE,1
24.1,33.0,27.1,86,7.8,2,270,1,5,24,SE,0
23.6,33.5,27.9,77,1.6,6,110,3,8,29,S,0
24.9,33.8,28.0,81,8.0,2,106,1,4,27,C,0
23.2,34.5,28.2,81,8.0,3,100,1,5,21,E,0
24.0,32.8,27.3,83,8.0,3,90,1,6,26,E,0
24.0,32.5,27.3,82,1.7,4,340,2,4,1,W,1
24.8,30.7,27.3,83,0.0,3,210,1,11,11,C,1
24.1,31.9,27.1,78,8.0,5,20,1,9,16,C,0
24.6,31.6,27.8,82,6.2,6,330,2,2,1,NW,0
24.7,30.6,27.3,78,4.5,3,250,1,10,28,C,1
22.2,31.8,26.3,88,7.4,6,230,2,7,5,C,0
22.2,32.3,26.4,91,2.8,3,10,0,6,17,C,1
23.2,33.9,27.5,74,6.7,7,120,2,8,23,C,1
26.1,32.5,28.1,69,5.5,4,230,2,11,28,SW,0
24.1,31.2,27.0,89,5.2,3,280,1,5,26,C,1
23.6,33.8,28.1,85,8.0,4,36,1,3,1,W,1
23.5,33.9,27.9,75,8.0,4,75,2,4,30,E,0
23.2,31.4,27.1,91,3.5,3,320,1,1,16,NW,1
23.0,31.8,26.6,89,0.0,4,240,1,1,7,N,1
24.1,32.8,27.5,78,3.9,5,100,2,7,29,E,0
23.2,32.0,27.7,79,4.8,3,310,2,4,4,W,0
22.4,31.8,27.3,83,3.9,6,350,2,1,31,NW,0
23.0,30.5,26.0,91,1.0,5,150,1,1,23,NW,1
24.2,33.0,26.9,82,7.9,5,90,2,10,12,E,0
24.1,33.2,27.2,81,3.3,4,140,1,10,22,C,1
23.4,33.5,27.6,88,0.7,4,340,2,2,26,W,0
22.2,32.8,27.3,81,1.8,5,130,2,6,25,SE,0
23.0,32.2,26.7,90,2.2,4,320,1,1,11,C,0
22.2,29.0,25.5,84,1.2,3,100,1,8,14,SW,1
22.9,30.3,24.6,90,3.5,4,70,2,8,16,SW,0
25.4,34.3,28.4,79,4.2,3,290,2,3,23,W,0
24.3,33.4,28.1,73,8.0,4,120,2,6,3,SE,0
23.4,32.3,27.2,86,4.0,4,360,2,2,9,N,1
24.7,33.3,28.6,73,7.2,3,220,1,11,7,SW,0
23.8,31.6,26.4,83,8.0,4,221,1,4,15,SW,0
23.4,34.4,29.6,76,7.4,4,140,1,6,5,C,0
23.2,31.1,26.3,85,7.5,4,130,1,7,13,C,0
23.4,33.2,28.0,74,8.0,6,130,2,6,8,SW,0
24.0,34.8,29.0,78,8.0,7,130,1,5,5,C,0
22.9,32.4,26.9,77,3.4,6,50,2,8,17,E,1
23.8,36.1,29.4,71,2.7,3,190,2,3,8,W,0
24.4,32.0,26.8,85,6.2,5,120,2,7,30,SW,1
23.0,32.6,26.9,88,1.3,4,330,2,1,19,NW,1
23.2,32.8,27.8,73,3.6,3,220,1,7,16,SW,0
23.9,33.9,28.4,72,8.0,4,120,1,9,25,C,0
24.6,34.7,28.5,79,5.5,4,130,2,5,20,SE,0
23.6,29.6,26.5,89,4.7,3,310,1,1,20,C,1
24.8,32.7,28.1,69,6.6,4,220,2,11,26,SW,0
24.2,31.6,27.3,86,3.0,3,320,1,4,3,NW,1
23.6,33.6,28.3,72,4.8,5,285,2,3,21,W,1
23.3,33.7,27.1,84,1.7,5,48,2,3,11,W,1
24.1,31.7,27.2,80,6.2,4,140,2,7,28,E,0
24.4,33.2,28.0,79,6.8,4,121,1,4,7,W,1
24.1,34.1,28.2,77,5.7,6,130,2,4,8,SW,1
22.3,33.0,27.2,79,7.0,5,120,1,7,18,SW,0
24.7,31.9,27.6,84,2.2,4,253,1,3,10,C,0
22.8,31.5,26.0,92,1.0,3,220,1,1,24,C,0
23.6,32.4,27.8,84,6.0,5,10,1,2,7,C,1
23.9,32.8,27.4,77,1.2,6,100,3,9,4,E,1
24.4,32.2,27.1,84,8.0,6,350,2,3,9,N,0
22.9,34.2,27.9,70,8.0,5,130,1,9,24,C,0
24.1,33.5,28.6,82,3.2,3,130,1,5,25,S,1
23.7,35.3,29.2,75,3.9,4,131,2,5,6,W,0
22.6,33.1,27.4,78,7.5,7,120,2,8,10,SE,1
24.3,30.3,27.5,88,2.2,2,123,1,3,28,SW,1
24.4,33.6,28.1,75,7.5,6,130,1,10,10,C,0
23.4,34.2,28.4,79,2.0,4,130,1,6,2,C,0
24.5,33.2,28.1,73,4.3,4,110,2,10,11,E,0
24.2,33.1,27.6,83,7.2,5,130,2,5,29,W,1
24.5,33.7,28.4,78,4.8,5,140,2,10,19,W,1
22.2,34.3,27.4,76,8.0,5,120,2,8,28,C,0
23.6,32.1,26.5,83,7.8,3,140,1,8,11,C,0
23.3,34.1,28.0,79,8.0,4,120,1,6,7,C,0
23.2,33.5,28.2,73,7.2,5,120,2,8,8,SE,0
24.2,37.1,29.7,67,5.4,3,162,1,5,10,SW,0
23.6,32.3,27.5,88,7.2,5,330,2,2,8,N,1
23.7,34.1,28.2,67,6.0,6,120,2,8,26,C,0
21.8,32.8,26.3,78,4.3,5,110,2,7,23,E,0
23.0,33.1,25.7,92,2.4,5,80,2,6,15,SW,1
25.0,32.1,26.6,83,8.0,4,230,2,4,23,SW,1
22.0,31.2,25.9,78,7.8,5,120,2,7,22,SE,0
23.0,32.4,26.8,87,3.9,3,110,1,7,14,C,1
23.9,35.1,29.0,75,7.9,6,130,2,4,28,S,1
23.8,32.4,27.7,80,6.0,3,320,1,11,16,C,1
24.4,32.7,26.7,87,0.0,4,190,1,11,19,C,1
25.8,34.5,29.4,68,7.0,4,200,2,10,30,SW,0
23.2,32.6,26.0,95,6.3,9,50,2,6,14,C,0
23.7,32.6,27.0,76,5.0,4,200,1,8,12,C,0
22.7,31.0,26.3,77,0.5,3,120,2,8,15,SE,0
23.4,34.2,28.2,80,8.0,5,130,2,6,4,S,0
22.4,32.2,27.3,82,0.1,5,130,2,8,20,SE,1
23.2,33.4,27.5,88,5.4,4,320,1,1,3,NW,1
25.2,33.2,27.4,83,6.2,4,130,1,4,26,C,0
23.3,30.6,24.9,93,2.0,3,120,1,6,23,SW,1
25.0,32.0,26.2,84,4.0,5,120,1,9,30,C,0
24.0,34.3,28.0,79,8.0,5,129,2,5,1,SE,0
24.9,33.3,27.9,82,6.7,3,310,1,11,15,W,1
23.5,33.3,27.0,84,2.8,4,70,1,10,17,C,1
23.9,35.6,28.9,76,8.0,4,60,2,5,8,SW,0
24.5,33.0,27.8,77,0.6,5,185,1,3,16,W,0
23.0,30.6,26.4,84,0.5,7,330,3,1,30,NW,0
24.4,33.5,28.6,85,5.8,5,330,2,3,25,C,0
24.3,33.8,28.5,70,8.0,5,110,2,10,5,C,0
25.1,32.2,27.9,82,8.0,7,30,1,4,18,SW,0
23.2,32.5,26.5,89,8.0,3,60,1,7,3,E,0
23.1,29.8,24.2,94,7.3,8,80,2,10,7,W,1
24.0,31.3,27.2,85,1.5,4,50,1,5,14,SW,1
22.8,32.6,26.9,86,0.3,4,140,2,7,4,SW,0
23.3,32.9,27.3,78,2.0,5,130,2,8,21,SW,0
24.4,34.0,27.8,79,8.0,6,200,1,2,14,C,1
25.4,33.2,27.7,80,5.5,3,50,1,11,4,C,1
23.6,32.2,28.1,73,4.4,4,270,2,3,7,SW,0
24.4,33.8,27.9,77,8.0,6,110,1,10,20,C,0
24.2,31.8,27.6,85,3.6,4,208,1,3,27,SW,1
22.0,31.2,25.8,87,5.0,3,220,1,7,6,SW,1
24.0,34.0,26.6,85,7.5,4,78,1,3,12,W,1
23.0,33.8,27.6,72,7.8,4,140,1,6,9,C,1
23.2,32.3,26.4,91,2.0,3,320,1,1,13,C,1
23.0,32.1,26.9,84,1.7,5,270,2,2,5,NW,1
23.6,29.2,26.0,88,6.2,6,330,3,1,29,NW,1
22.6,32.8,27.5,77,0.3,5,130,1,6,20,C,1
24.0,28.7,26.4,87,1.0,3,120,1,5,23,C,1
23.6,31.8,27.3,82,2.2,6,120,3,9,2,E,1
24.8,34.6,28.4,80,7.7,3,52,2,5,12,SW,1
24.2,34.2,28.4,74,8.0,5,130,2,9,26,SE,1
22.6,30.2,26.8,90,6.5,3,130,1,2,21,C,1
24.9,32.6,26.4,88,2.7,4,148,1,4,6,SE,0
23.8,33.1,27.5,75,1.0,5,220,2,9,12,SW,1
23.2,31.0,25.7,86,2.1,3,310,1,6,28,SW,0
22.3,33.1,26.9,77,7.5,4,110,2,7,24,SE,0
24.0,35.9,28.5,75,6.0,5,136,2,5,4,SE,0
24.7,33.0,28.4,81,5.2,4,350,1,2,11,C,0
22.5,31.1,27.4,82,3.5,4,24,1,3,31,C,1
23.8,29.6,26.0,85,1.2,5,130,2,9,18,SE,1
23.4,33.0,28.1,77,8.0,4,70,2,7,26,E,0
24.4,33.5,27.7,81,5.0,3,140,1,5,17,SE,0
23.8,31.6,27.2,88,7.0,3,330,1,1,27,C,0
24.9,33.9,28.6,68,2.1,4,210,2,11,24,SW,1
25.1,30.6,26.7,89,3.0,3,280,1,5,22,E,1
23.8,31.2,26.9,78,5.9,6,50,2,9,3,E,0
23.4,29.2,25.9,92,3.4,5,330,1,1,1,C,0
24.8,32.9,28.2,71,2.1,3,160,1,10,27,C,0
24.4,30.4,27.0,89,3.0,5,90,1,10,14,E,1
25.2,34.2,29.1,71,6.6,3,140,1,10,31,C,0
23.7,31.1,27.1,87,6.6,2,60,1,4,11,W,0
22.0,32.2,27.9,73,8.0,4,100,2,7,12,E,0
24.1,33.2,27.6,81,5.0,4,70,2,10,15,E,1
22.8,32.9,27.0,77,6.9,5,130,1,8,7,C,0
22.6,32.4,27.1,80,5.3,4,80,2,8,2,SW,0
23.7,33.6,27.6,80,0.5,3,220,1,4,14,SW,1
23.2,32.0,27.1,82,8.0,4,60,1,6,21,S,0
23.8,34.0,27.6,77,8.0,5,80,2,4,9,NE,0
23.6,32.3,27.5,81,3.0,5,330,2,2,6,NW,0
23.0,33.2,28.1,71,6.3,3,230,1,9,13,C,0
24.0,33.6,27.6,87,2.9,3,120,2,3,3,W,1
24.2,35.8,29.3,77,5.6,4,130,1,5,31,S,0
23.9,31.4,26.6,92,2.4,4,340,1,2,17,C,0
22.6,32.9,26.3,81,8.0,5,60,1,9,5,C,1
24.3,32.7,27.7,79,0.8,4,130,1,11,12,W,1
23.3,31.0,25.9,94,1.8,3,130,1,1,12,C,1
25.2,32.8,28.5,71,4.4,3,220,2,11,27,SW,0
22.4,34.0,27.9,68,8.0,5,130,2,7,20,SW,0
26.0,32.4,28.5,68,5.8,4,230,2,10,26,SW,0
23.8,33.0,27.4,86,1.4,6,340,3,1,28,NW,1
23.6,27.0,24.2,96,1.0,3,40,1,9,20,C,1
22.6,29.5,25.2,89,1.0,4,10,1,8,19,C,1
23.1,31.9,26.5,79,2.1,3,140,1,8,22,C,0
23.4,32.8,27.1,88,6.4,5,110,2,1,5,C,0
24.8,34.4,28.5,74,8.0,4,143,2,5,3,SW,0
23.2,31.0,27.9,84,4.5,7,340,2,2,2,NW,0
24.0,31.7,27.5,78,3.6,4,90,1,9,7,E,1
23.4,32.3,27.1,91,8.0,4,50,1,6,12,SW,0
24.1,32.8,28.0,75,8.0,5,120,1,9,14,C,0
24.2,31.5,25.9,90,6.4,8,130,1,10,13,C,1
23.1,31.6,26.9,82,2.0,4,160,1,8,31,C,0
23.8,34.1,28.3,78,4.9,3,150,1,5,19,SW,0
24.2,30.4,26.7,91,7.2,4,130,1,3,4,W,1
23.6,32.6,27.5,81,5.8,4,120,2,8,4,E,0
23.6,33.4,27.6,83,5.5,4,260,1,5,16,SE,0
25.5,35.9,29.5,70,8.0,4,140,1,5,9,SW,0
22.8,28.0,25.2,97,4.0,4,310,1,1,9,C,1
23.0,32.7,27.8,79,2.1,4,260,2,3,6,W,1
23.0,31.6,26.6,91,0.3,4,330,1,1,15,C,1
23.0,34.1,28.5,72,7.9,4,130,1,6,6,C,0
23.2,32.8,27.8,83,7.1,5,340,2,2,10,NW,0
24.7,34.3,28.0,79,8.0,4,130,1,11,3,C,1
24.3,33.6,28.1,75,8.0,5,110,2,9,29,SW,0
22.6,32.8,26.2,86,4.7,4,140,1,8,5,SW,0
22.2,32.2,27.8,82,6.8,3,160,1,10,18,W,1
23.4,32.5,26.6,76,8.0,4,140,1,8,25,SW,0
25.2,33.3,27.4,81,8.0,4,100,2,7,27,SE,0
24.4,31.7,27.0,84,0.0,5,60,2,8,1,C,1
23.2,35.0,27.9,77,8.0,4,140,2,11,1,S,0
24.5,31.8,26.8,82,7.2,4,60,1,9,9,C,1
22.8,31.6,27.4,78,7.4,4,130,2,11,22,C,1
24.7,34.0,27.7,76,7.8,5,120,1,11,2,C,1
24.0,33.4,27.5,79,8.0,5,60,2,9,27,SW,0
22.2,34.2,26.8,79,8.0,5,140,2,7,21,E,0
23.0,33.0,27.5,81,3.8,5,130,2,6,11,SE,1
23.4,34.1,28.5,79,7.5,4,250,1,2,13,SW,0
23.5,33.4,26.3,84,6.7,6,120,1,8,6,C,1
22.6,32.4,27.4,70,4.2,4,140,1,7,10,C,1
24.0,32.5,26.5,79,4.3,4,130,1,9,17,W,0
23.6,31.6,26.8,80,2.6,3,190,1,4,16,S,1
22.2,29.6,25.6,95,0.0,3,330,1,2,23,C,1
24.4,33.6,28.1,82,0.4,4,140,2,1,2,N,0
23.0,31.1,25.5,93,4.4,4,320,1,2,19,NW,0
24.7,33.1,28.4,76,8.0,3,268,1,3,22,W,0
21.0,32.7,26.7,79,7.8,5,100,2,7,25,E,0
24.2,32.0,26.5,91,0.1,5,330,1,2,4,C,0
22.8,29.3,25.0,89,0.0,3,120,1,9,21,SE,1
23.6,31.7,26.8,86,3.4,3,60,2,4,2,NE,1
22.2,29.2,25.4,94,1.0,3,140,1,2,22,C,1
23.0,33.0,27.5,80,2.2,5,110,2,9,22,E,1
24.0,32.0,27.8,75,8.0,6,100,2,8,30,SW,0
23.2,30.2,25.6,94,2.5,4,340,1,1,14,C,1
25.7,33.4,28.6,78,4.1,3,250,1,3,30,SW,0
22.6,31.3,25.1,89,2.6,6,80,2,10,1,SW,1
22.1,30.6,25.3,96,5.3,4,290,1,6,16,SW,1
25.2,34.4,29.2,65,8.0,4,240,2,11,25,SW,0
23.8,32.9,28.1,80,3.1,3,60,1,5,15,SW,0
23.8,28.2,25.8,90,5.2,2,40,1,11,18,C,1
22.3,28.6,24.9,98,0.8,4,50,1,9,1,C,0
23.2,31.8,26.2,88,0.0,3,20,1,2,24,C,1
22.2,32.2,25.6,92,1.8,4,330,1,2,20,C,1
22.6,30.7,25.6,90,2.2,3,30,1,6,24,SW,1
23.2,31.4,26.3,84,8.0,4,100,2,7,9,SW,0
25.4,33.6,28.8,65,4.1,3,210,2,11,29,SW,0
23.0,31.0,25.0,90,0.8,4,40,1,7,7,C,0
22.8,31.8,25.2,85,0.6,4,140,1,6,19,C,0
22.4,33.0,27.9,80,7.8,4,350,1,2,28,C,1
23.2,32.5,26.1,90,0.8,3,330,1,2,18,C,1
23.5,32.8,27.3,77,8.0,4,130,2,8,24,SW,0
23.7,30.9,25.7,87,1.0,6,100,1,9,10,C,1
22.9,30.0,25.9,90,1.1,5,320,1,1,22,C,1
24.8,30.6,27.2,79,5.5,2,10,1,11,10,C,1
22.8,33.6,26.8,81,8.0,3,240,1,6,10,SW,0
22.9,33.8,28.2,73,4.7,4,140,1,10,4,S,1
22.2,32.6,26.1,74,6.2,5,130,2,7,11,SE,0
23.8,33.0,27.1,82,8.0,4,130,2,10,21,W,0
24.1,33.4,28.1,72,5.0,4,130,2,9,15,SE,0
23.9,32.0,26.4,87,5.0,4,70,1,11,5,E,1
25.0,34.2,28.8,82,8.0,3,110,2,5,30,E,1
24.2,36.3,28.7,74,6.8,3,247,1,5,11,W,0
24.4,32.3,27.4,77,8.0,3,50,1,6,1,NE,0
23.0,34.0,27.8,81,7.5,4,132,1,4,10,SW,0
25.5,33.8,28.8,79,7.7,2,220,1,3,29,SW,0
23.8,33.2,27.3,79,8.0,4,100,2,8,3,E,0
23.8,35.0,28.7,76,8.0,5,138,2,5,2,SW,0
24.3,33.5,28.7,71,5.0,4,140,2,11,30,S,0
22.8,30.8,26.2,90,0.6,5,300,2,1,21,C,0
23.6,33.2,27.1,83,4.0,4,110,2,7,8,E,1
23.8,33.6,27.3,87,8.0,4,130,1,3,13,SW,1
24.7,30.7,27.3,83,7.9,3,131,1,4,17,C,1
23.0,33.4,28.1,80,6.5,6,100,2,9,28,E,1
24.8,31.0,26.2,89,8.0,2,80,1,4,13,W,1
